51418
32986
34514
59663
19735
45962
9650
41601
11979
53386
32026
62165
14886
1168
41197
58224
16457
45431
60059
41866
35511
55952
31176
29652
36199
44147
43724
18956
27177
43644
4925
56508
64005
55532
5827
3756
21821
33369
27365
24864
50691
40191
22030
2537
54751
506
16547
2278
44944
35026
25940
34306
26607
7608
23414
26454
17847
17587
39491
23839
49838
26552
24983
10447
34378
17821
5010
7176
56236
56473
38213
19964
20394
37
54054
53184
63810
14476
51951
56524
1076
40446
14240
10866
5120
43574
6317
47591
64057
52860
10723
64123
38823
20714
4644
20339
63686
9939
39505
50328
19841
21511
57158
41045
3769
43775
55519
45170
56120
35223
8092
26952
34515
33933
59948
56583
51848
37495
22267
64368
39116
41125
15166
41154
32604
2720
37849
36432
48273
60198
64678
12081
56125
60514
6813
57651
12871
8358
64786
40104
36383
36251
9381
9864
26274
48537
4759
15947
15860
44624
11490
23986
22704
25876
328
62282
49046
59425
55088
29252
2877
13779
21715
64069
38114
28284
15074
45511
22859
59512
53823
37925
50466
30617
15391
27494
14952
15930
65030
56298
60960
54933
43775
55077
41152
15215
45599
59682
7545
18236
4755
46217
41030
58792
59070
35110
39690
44110
32067
27340
31569
49487
40918
39238
20115
2403
63266
55045
34426
5878
26791
21103
54251
20904
16950
24289
37545
7375
58840
42259
41565
15641
964
20695
45463
31999
52734
6732
58626
13831
44324
5356
46646
21937
1923
36225
49991
6383
34228
13174
51123
48179
49723
30732
57815
61705
34522
49529
47907
115
8774
30372
54696
5137
11847
21634
44284
27303
30949
9874
7142
31
1491
14879
32991
61698
6003
30444
60142
9896
25522
20828
33648
28586
32678
4182
55710
24558
53467
36579
26418
16752
5062
33815
60330
6776
38605
59040
15007
46046
28808
35194
2742
31340
12585
4109
49911
46515
18852
44730
21868
33988
49852
23688
56456
19159
63857
35084
63183
8911
14570
41300
7768
50530
62217
40307
26997
17015
31646
2345
1155
32573
60873
62062
9077
38959
58172
31604
20905
54393
61486
30913
43319
36752
12574
10657
11590
27246
22363
16343
61032
51195
29351
48423
49619
25634
38878
47229
48567
4822
35331
37660
49915
172
47972
7940
39233
18730
37634
27781
20822
17533
36487
33786
9902
30407
64950
64708
9831
47816
2270
53513
50027
51500
972
51646
53463
4213
47352
38338
20117
26836
4272
58266
3624
18006
58614
24128
36716
58287
53248
5192
64593
31886
40918
54274
57458
6112
55527
18725
62220
58717
19132
61285
61570
40467
22612
9057
20935
16831
55488
3730
31877
35577
44844
52753
29808
26264
45831
56531
56729
65461
46322
29440
20123
44368
18997
37792
10435
26980
12922
59824
57789
57133
14727
17630
26255
32752
13221
34340
57454
7861
24344
35848
6696
3298
574
16216
22007
36596
29718
14942
59602
17129
63349
49034
5787
64629
32512
20547
46041
63293
54414
21167
4701
38969
61742
56405
57419
24095
65213
4550
24893
59662
24615
9992
55585
1049
52566
7123
1310
29701
37538
59321
4517
40381
5297
10175
60119
16615
2078
7813
61243
61449
15229
15465
43302
19440
14721
37988
2784
33712
29530
59028
55681
10807
36902
61763
11253
3558
8437
54931
44024
41582
30771
52780
14142
31103
6916
27098
33969
49151
585
10158
3616
17261
10955
18116
1699
62118
16324
6935
896
28145
9251
56140
60572
8449
58403
59193
7390
42527
65051
16764
30406
12492
48487
49081
53117
22376
37033
50900
31
27575
17499
8245
19135
20837
65292
5608
33962
21504
56623
62132
43524
21514
25044
52221
32326
61528
24533
2873
39341
20218
63150
5732
33648
21165
9976
12379
5144
24749
63336
52682
32868
8665
13205
10050
56500
43670
15571
26593
14421
14957
60033
65403
18561
57221
64872
492
63934
3828
36956
10597
46235
2529
19170
47412
5634
19578
61384
47174
50348
26516
27961
32865
47565
27701
34028
36658
9297
24997
56469
41792
14589
18322
8324
7781
4068
38374
26432
13427
48652
30728
13329
50356
23083
41285
939
45837
37410
18544
57324
57132
64988
55685
59890
20513
57448
16846
27472
3863
35581
28032
54167
24254
60470
59837
1434
17645
59789
29500
43858
41700
12084
7412
36687
44274
64511
17258
35356
26217
47501
35982
45236
45181
42347
8729
39408
29918
31680
18704
45815
56632
39052
40120
23003
25053
54980
62044
26691
43468
7656
13746
51790
51051
60534
6141
60989
48581
45235
60992
15323
31805
44942
37257
15800
39084
60244
65329
54723
7189
40854
6913
18858
12952
48538
39375
27907
40588
29336
19815
59054
30395
20487
55842
61387
8944
43907
8183
54165
18092
18617
11313
31876
35352
16764
31421
733
2925
24550
17925
14035
61778
2461
1908
46091
46965
21221
32908
4160
41927
35276
23002
829
33594
20027
51622
1393
41466
14523
48381
21618
39939
55346
41460
50200
29003
62513
28448
26467
29433
7901
39222
18705
32656
42031
55862
61407
22729
19878
33868
51516
2361
38554
25376
17936
38990
14257
14379
8992
6801
7269
48671
8474
20741
13764
60768
10851
63237
22148
21297
21999
59472
36731
36833
22938
60314
60942
8521
17244
1743
10474
10065
55809
21472
43093
48012
60305
48451
30472
13313
23582
25372
25833
28696
47810
39628
61053
21819
61288
5497
6341
25583
41364
13437
14757
52655
57958
34670
50967
29707
31087
56451
33777
33564
47077
54187
19814
63428
40959
3439
4592
58994
26943
33352
5642
5373
22114
23638
11939
51727
32971
34303
26933
12999
47066
39634
12281
35819
4847
48801
8706
15219
2823
12323
62850
8630
16245
64034
583
52023
51186
38645
52669
34124
45072
30698
48418
7405
60533
23428
8084
47100
31803
1077
5506
33415
8143
60465
36587
5007
62942
56253
6936
31546
46434
3253
37961
59400
9564
43523
42359
1424
54763
49796
43272
30074
9981
7900
43608
40907
62922
7966
15009
10632
11995
51744
61759
34128
17931
25418
37087
43099
46001
9894
62446
7187
64848
38019
46126
37163
9295
65509
28794
12580
11485
50205
10822
7829
38531
42979
20191
38885
21835
62932
4321
47986
4524
50515
350
64394
5564
51677
46912
25827
29288
56316
29729
14041
8071
52388
22705
15032
26616
5084
62930
21095
4019
38098
866
61297
46928
11666
16425
23985
61125
42562
2067
57732
49914
1291
60588
46034
57007
26366
34974
34723
21039
32124
